   2.7373901850857571e+01   8.7564922328154744e-14   4.2204361859831427e-15  -4.2900435235184188e-20   4.9959378889811277e-12   2.0251792088946201e-24  -1.1228591424761602e-16  -2.2323733572182959e-12  -3.9344167622777388e-09
   8.7564922328154744e-14   1.5988345205066789e+01  -2.1126492961071766e-22  -2.7884127471927294e-15  -5.9284556360905978e-10  -6.8923928544632599e-10   3.1288733808208980e-14  -6.1339031679644043e-15   2.0663683029011795e-10
   4.2204361859831427e-15  -2.1126492961071766e-22   1.8432357533239237e+01   1.5575466773525277e-10   5.1131546984943404e-15  -1.2023323388435908e-11   4.8457215901767676e-18   7.6707456903169224e-23   2.8882635708751346e-14
  -4.2900435235184188e-20  -2.7884127471927294e-15   1.5575466773525277e-10   1.9209710546898897e+01   3.4813280193214343e-21  -3.9875338714623799e-16   0.0000000000000000e+00   1.7403616073809702e-10  -1.8788757172972297e-11
   4.9959378889811277e-12  -5.9284556360905978e-10   5.1131546984943404e-15   3.4813280193214343e-21   2.1989423329794132e+01  -1.0617421576998995e-14  -2.3719935327613100e-12   0.0000000000000000e+00   3.1512458056249943e-11
   2.0251792088946201e-24  -6.8923928544632599e-10  -1.2023323388435908e-11  -3.9875338714623799e-16  -1.0617421576998995e-14   1.7261170930385809e+01  -3.1202421488831669e-10  -5.8826683935608139e-19  -1.4531690775703195e-17
  -1.1228591424761602e-16   3.1288733808208980e-14   4.8457215901767676e-18   0.0000000000000000e+00  -2.3719935327613100e-12  -3.1202421488831669e-10   3.4694769917675075e+01  -9.4389457995529703e-11  -3.0326836836523111e-09
  -2.2323733572182959e-12  -6.1339031679644043e-15   7.6707456903169224e-23   1.7403616073809702e-10   0.0000000000000000e+00  -5.8826683935608139e-19  -9.4389457995529703e-11   1.4874776441651083e+01   0.0000000000000000e+00
  -3.9344167622777388e-09   2.0663683029011795e-10   2.8882635708751346e-14  -1.8788757172972297e-11   3.1512458056249943e-11  -1.4531690775703195e-17  -3.0326836836523111e-09   0.0000000000000000e+00   4.1111990575808655e+01
